496
53
35
715
96
118
152
235
517
570
5
814
234
83
919
354
834
961
843
975
716
487
90
408
425
576
620
162
480
488
123
434
239
776
971
218
58
599
500
762
851
191
268
447
165
12
332
96
461
304
290
297
51
101
843
180
377
320
620
236
532
974
618
738
231
902
796
661
804
646
432
731
491
246
371
923
956
922
334
917
214
582
396
739
322
387
559
613
711
493
163
270
535
445
661
797
748
483
909
769
291
255
721
806
351
956
896
20
378
501
616
801
343
273
459
47
868
800
92
821
8
194
490
905
771
795
500
411
845
948
153
695
455
803
252
74
697
602
175
290
903
480
191
552
895
971
907
26
446
500
249
424
501
176
292
305
959
948
432
103
345
552
513
283
686
958
804
396
979
584
165
926
472
965
804
145
754
371
433
200
839
97
277
836
676
133
705
652
212
14
89
946
921
175
145
737
609
90
383
261
609
341
621
9
679
244
495
164
723
820
502
613
233
781
152
865
480
66
699
68
150
643
157
439
623
346
953
844
84
624
703
432
126
439
907
316
191
89
711
183
222
444
120
840
109
447
460
384
392
646
443
435
519
714
392
659
189
384
564
831
393
721
129
285
998
458
786
531
364
610
432
785
77
0
75
852
5
403
326
295
912
764
384
854
281
388
517
522
338
221
323
82
288
210
571
732
859
821
705
301
251
40
390
293
355
405
801
442
279
634
412
363
811
329
127
828
924
117
399
184
707
738
187
913
642
766
227
98
520
407
180
321
178
89
950
234
986
587
48
914
779
555
999
816
595
692
359
899
628
1000
1000
719
910
75
180
113
474
227
852
669
943
402
649
334
438
973
574
482
487
837
189
572
367
147
627
39
614
727
320
511
92
617
359
15
626
427
712
508
103
202
421
808
468
275
123
399
410
403
125
164
172
382
177
437
310
390
997
822
393
763
144
808
94
672
958
164
994
510
524
90
512
329
219
998
513
905
247
716
580
643
808
699
825
79
854
907
29
716
289
728
676
733
519
878
555
420
242
516
175
478
667
48
7
668
677
61
69
487
56
342
72
502
30
902
995
263
777
353
305
921
445
509
320
812
292
731
93
713
416
434
821
983
118
719
593
611
538
921
581
796
6
583
356
836
69
742
472
588
376
446
648
570
843
552
908
302
245
63
129
632
623
798
408
560
911
570
273
994
141
573
886
806
771
335
912
951
738
357
546
129
627
427
656
692
991
466
564
596
866
245
523
576
32
742
203
731
827
293
737
349
880
936
740
941
814
76
93
786
965
497
863
551
414
267
416
337
200
599
612
932
381
216
882
894
899
585
206
166
472
381
707
703
896
510
83
449
711
42
285
389
734
551
222
597
223
90
30
536
528
722
599
743
243
844
64
860
222
291
263
122
527
304
171
522
933
975
216
887
788
640
942
394
281
391
16
275
291
999
733
509
399
618
978
683
163
317
349
662
576
829
38
813
961
777
333
341
17
899
634
197
784
944
472
5
65
762
364
274
503
668
35
922
619
778
578
83
301
890
822
599
969
155
730
985
649
180
292
97
381
752
870
279
498
836
636
527
131
29
507
803
846
33
934
830
85
850
86
610
689
1000
872
293
778
621
673
649
903
414
336
533
550
847
270
705
606
401
18
771
97
16
405
625
310
725
59
599
873
609
815
40
115
635
912
97
763
579
22
816
507
764
993
747
20
399
528
74
345
116
545
994
111
890
680
196
558
338
0
308
937
218
570
714
164
707
680
886
477
687
351
531
689
730
103
788
845
58
51
816
471
83
666
264
752
181
808
541
826
627
662
197
114
991
316
795
309
532
578
575
958
136
125
980
722
586
272
547
735
794
841
861
288
801
5
860
718
788
927
903
255
839
288
689
947
902
70
635
589
418
982
991
710
983
501
538
611
32
720
476
40
853
100
540
823
202
674
291
584
716
498
563
615
935
534
247
413
775
588
995
957
391
266
302
477
817
281
805
400
517
512
663
294
417
217
498
906
626
550
34
215
998
486
246
916
650
330
665
762
457
207
498
238
378
999
272
476
550
751
722
550
385
520
913
874
927
893
924
729
310
980
217
341
164
125
952
93
678
315
256
963
372
925
265
85
632
157
191
925
228
798
275
739
759
381
850
719
650
778
897
646
693
501
931
482
32
508
688
988
690
627
858
943
80
841
22
887
714
950
688
282
630
39
651
952
898
420
491
692
15
705
929
711
86
914
229
448
543
320
719
665
854
742
837
766
383
641
435
536
711
196
633
432
904
222
436
261
624
829
873
198
165
565
236
106
130
685
840
33
413
166
195
562
85
392
493
66
725
868
98
852
787
862
503
160
891
55
997
44
171
709
878
532
126
402
32
159
608
299
589
528
58
729
172
782
482
354
739
702
348
873
500
303
334
171
987
842
5
739
112
563
184
470
377
181
558
677
443
0
10
654
35
202
67
49
559
966
726
201
909
80
648
52
350
981
967
409
325
920
566
235
296
224
190
541
902
538
499
7
515
135
369
503
788
495
819
402
36
20
981
863
369
981
718
884
397
59
251
880
31
775
797
665
655
360
897
88
673
254
464
655
349
452
592
490
316
800
216
871
369
518
474
750
869
567
657
90
261
273
378
97
310
738
415
976
877
35
255
883
806
377
430
33
409
542
253
962
557
307
966
936
435
592
334
561
677
594
532
768
44
811
933
368
693
241
332
275
97
910
132
124
164
694
948
995
253
2
704
497
953
710
91
459
249
799
791
287
892
18
436
750
299
108
109
250
159
192
942
717
5
29
184
987
240
618
242
578
829
909
947
947
445
866
474
625
422
135
932
774
836
335
817
871
825
182
966
14
227
144
741
381
419
620
471
502
696
221
233
836
546
742
781
341
808
182
956
879
861
177
313
417
125
609
168
733
557
839
302
280
974
879
82
726
778
344
547
826
220
867
356
824
516
371
461
857
273
27
437
170
447
840
426
877
579
304
796
433
699
514
983
847
84
139
927
603
484
369
276
473
109
654
312
909
123
16
328
411
693
516
94
945
890
907
995
814
822
863
510
53
694
286
668
101
185
189
684
33
14
2
230
824
542
891
741
336
829
642
251
922
882
147
932
834
580
95
913
412
889
756
203
975
631
8
188
948
507
807
127
714
52
157
472
370
774
397
757
567
737
401
752
858
484
452
570
77
480
634
853
842
728
944
91
139
979
677
671
649
57
132
355
999
887
495
571
961
846
415
717
766
975
545
601
428
858
992
941
132
379
195
25
663
788
509
927
14
866
229
14
106
943
136
652
48
237
283
280
343
344
700
539
57
859
870
205
415
96
541
190
527
581
921
185
67
551
903
74
120
879
916
253
640
791
839
956
140
752
45
695
417
729
488
230
967
940
943
819
190
828
655
406
480
359
700
842
562
352
839
539
945
13
356
295
537
376
78
888
147
753
209
817
118
426
424
355
204
787
847
813
255
245
213
440
62
605
145
379
538
826
900
879
719
270
954
388
613
147
613
789
325
874
178
149
129
641
743
25
617
325
852
457
169
670
268
675
324
755
308
498
714
742
831
175
162
732
482
199
227
247
683
75
79
582
543
951
777
290
499
131
377
872
11
423
315
527
751
721
450
20
673
388
989
779
891
350
199
670
595
671
107
349
424
190
883
229
853
106
315
548
621
418
138
496
778
240
307
777
395
578
298
679
381
295
35
578
15
603
153
355
557
812
627
746
224
33
369
577
908
322
710
720
251
42
679
149
847
664
934
32
950
25
532
231
947
922
376
399
998
511
823
157
322
399
773
263
289
587
238
408
100
480
773
889
245
435
520
962
434
227
621
209
885
564
499
373
999
590
361
3
627
981
480
486
207
467
311
194
502
702
706
99
531
427
180
481
594
555
305
263
750
797
744
165
155
937
579
71
690
981
125
852
528
305
944
0
599
77
117
942
130
110
715
31
554
811
208
153
852
131
505
107
962
907
546
413
204
285
441
414
319
970
89
558
353
411
863
441
414
589
11
560
928
575
236
896
165
196
259
252
388
58
874
584
413
578
558
433
199
521
635
283
115
993
269
501
372
489
361
895
97
220
358
515
965
835
219
747
519
172
949
570
821
887
148
354
782
8
269
263
195
510
910
535
802
181
56
743
571
254
346
495
690
968
970
460
609
418
632
69
788
906
918
972
684
389
476
16
531
823
667
959
336
221
578
944
768
32
714
973
461
541
971
821
769
61
355
324
754
607
364
736
995
137
117
621
505
645
615
868
453
254
120
437
509
3
61
314
454
324
561
283
872
185
438
100
671
750
114
250
929
779
613
517
403
464
76
188
604
445
877
786
479
569
906
356
288
416
6
858
744
931
703
892
898
875
100
24
573
235
82
485
416
998
812
960
827
462
695
108
53
15
444
315
668
222
175
781
291
378
656
884
439
269
740
51
794
255
643
505
292
781
44
537
505
557
117
206
83
687
911
250
215
56
402
363
433
188
676
547
910
665
831
607
366
408
729
878
58
651
264
459
601
766
688
796
284
451
997
88
260
174
691
334
41
639
295
7
239
329
795
278
767
513
537
706
717
514
784
226
392
66
41
395
630
654
568
566
589
944
210
267
810
38
293
731
106
288
18
730
930
258
452
952
638
301
670
959
465
876
301
347
587
141
321
130
508
408
833
222
797
798
10
202
64
458
479
744
264
743
142
876
238
147
340
134
540
281
692
497
474
948
658
387
280
579
623
855
621
739
960
1
893
945
72
876
405
920
51
837
48
527
579
241
725
447
742
209
639
438
94
137
551
617
216
296
507
158
994
135
413
840
317
110
41
899
382
235
804
8
572
187
953
572
680
317
41
875
156
813
828
167
560
962
610
551
594
934
264
896
661
570
549
717
102
108
516
255
211
537
876
600
474
559
621
123
893
112
759
347
929
181
486
1000
141
12
816
676
617
40
841
202
37
320
916
515
263
53
792
153
973
996
211
798
979
73
808
351
441
855
57
250
370
760
59
888
868
948
639
997
318
122
411
751
156
684
620
518
233
159
243
334
556
599
758
72
445
0
580
61
713
211
323
389
888
65
601
804
979
630
96
260
829
694
675
525
25
341
916
285
91
540
969
28
496
129
398
876
528
409
717
117
351
608
92
674
912
909
562
686
257
487
204
85
803
576
455
181
625
757
294
480
122
220
200
889
176
405
481
240
374
582
431
534
378
837
150
344
140
741
577
536
247
450
644
162
728
975
381
595
505
474
775
418
103
41
18
493
6
474
791
631
132
239
320
679
326
67
493
933
608
485
247
484
868
125
369
219
443
901
422
668
978
954
941
521
534
657
388
135
366
65
321
950
366
601
352
71
173
225
327
297
472
258
4
761
653
640
878
292
710
292
72
554
973
938
438
873
974
518
876
48
53
629
349
114
701
980
19
687
120
642
963
777
319
88
151
574
874
454
493
275
818
289
46
423
509
242
343
789
82
16
166
367
932
822
378
924
282
369
330
622
119
497
348
893
535
920
703
134
312
841
982
467
228
719
355
941
985
168
83
273
282
475
740
294
748
509
580
781
957
303
214
519
138
841
629
902
28
804
161
929
909
488
469
615
599
629
257
697
147
748
726
779
835
771
951
369
517
88
10
328
805
563
627
343
386
797
306
112
376
970
68
182
980
1
808
489
393
889
619
659
960
519
804
522
129
27
207
332
101
482
169
901
478
708
988
532
236
431
688
900
305
309
816
738
543
556
579
196
428
981
870
243
543
723
888
210
660
964
582
485
80
366
268
44
266
520
455
461
507
832
101
888
513
9
102
268
811
441
140
283
706
985
11
487
364
545
760
381
323
552
919
272
830
133
40
760
183
998
848
159
378
127
398
764
227
782
470
805
148
40
415
138
74
308
987
103
917
601
691
403
723
379
783
125
825
740
777
527
978
335
669
198
831
260
271
455
843
397
468
905
666
166
633
479
962
162
808
810
164
558
256
516
182
555
542
265
663
457
689
643
754
633
358
18
551
226
628
541
162
526
810
317
703
237
65
988
474
438
760
521
814
631
369
268
33
649
596
275
458
323
582
966
270
867
745
659
540
665
551
1
578
880
32
684
327
112
553
848
51
961
615
883
553
84
734
307
885
484
577
584
25
797
802
710
518
784
40
813
560
142
197
951
877
943
473
145
111
789
805
943
452
174
333
560
766
964
299
434
990
364
602
134
633
838
947
589
80
605
358
269
187
971
890
945
937
446
975
529
238
732
47
83
971
910
505
341
686
374
450
103
783
972
803
355
647
924
576
513
207
175
562
485
313
400
485
701
346
357
795
251
936
886
956
672
762
631
802
607
591
428
894
428
64
23
85
786
0
193
935
984
236
925
897
272
997
921
184
55
63
142
608
770
116
557
811
457
286
137
213
885
473
736
70
841
484
5
809
610
224
220
256
704
64
684
12
136
84
610
143
706
140
159
984
523
177
932
232
670
383
776
387
425
55
237
363
300
657
806
365
750
812
27
625
202
936
285
879
850
996
624
728
378
927
998
41
514
412
362
365
926
13
736
267
82
274
172
592
806
734
601
892
909
600
386
194
321
981
246
341
639
23
676
707
398
947
316
809
21
275
515
29
397
830
426
71
319
470
214
138
292
546
248
295
7
608
961
146
700
749
603
507
101
831
207
242
996
751
357
171
217
91
908
306
850
666
979
387
703
331
484
633
378
611
250
45
42
666
960
492
17
0
975
950
220
325
25
734
490
333
114
934
830
111
859
164
328
611
195
125
681
438
268
524
682
731
11
632
613
939
47
908
79
189
542
678
1000
93
398
981
820
586
141
339
330
10
520
527
276
244
6
786
282
428
353
694
994
227
103
15
261
734
166
48
294
658
408
471
572
464
643
574
146
625
560
514
155
561
528
19
675
293
548
246
566
599
311
918
178
677
331
618
410
982
121
910
892
782
887
681
102
41
586
974
492
849
520
279
165
583
591
342
233
872
834
577
870
174
933
749
279
499
259
392
72
885
705
213
70
478
891
122
190
281
932
807
548
696
793
645
267
99
433
158
246
996
4
466
583
583
70
409
196
765
725
860
916
912
703
671
215
222
839
688
893
378
664
501
801
378
180
849
146
111
772
648
882
52
771
707
548
666
799
258
301
659
83
140
717
139
727
927
765
796
506
906
805
352
168
168
757
12
370
633
434
35
799
745
236
734
260
5
720
908
383
504
721
749
925
791
80
603
773
261
449
115
728
968
493
470
586
241
501
972
164
888
631
651
707
533
260
573
162
26
902
793
142
976
17
679
842
885
494
170
940
135
68
149
355
98
151
832
686
561
18
516
118
890
227
74
388
366
474
956
880
407
682
415
23
884
518
777
303
223
51
296
680
816
703
68
341
406
205
367
998
781
852
515
292
360
621
350
485
78
47
383
475
861
479
457
195
11
242
254
905
868
51
731
404
601
654
173
306
146
776
643
806
883
738
272
202
719
591
51
816
623
754
661
217
996
466
345
641
241
865
777
125
427
401
227
811
19
262
232
319
569
337
484
526
526
570
32
929
147
223
988
933
458
414
809
196
565
507
6
963
803
303
257
36
264
531
180
488
206
820
233
606
3
679
354
89
806
85
511
867
388
484
651
562
677
525
121
98
44
740
438
156
849
668
248
213
678
489
87
307
382
314
261
780
699
851
291
686
342
6
664
159
372
790
899
578
965
315
92
434
289
721
517
278
929
627
656
841
455
449
945
315
89
517
836
566
327
96
884
228
893
648
197
539
582
317
939
466
887
88
968
678
637
846
719
744
95
452
105
752
302
943
943
977
268
971
161
229
104
446
885
541
829
863
422
288
909
538
665
424
262
266
994
75
267
320
245
549
900
497
140
516
924
313
606
861
824
799
707
542
910
157
897
601
53
561
116
308
160
662
649
887
998
617
382
390
430
876
169
172
36
249
116
744
872
713
852
381
671
53
877
70
782
612
647
234
246
650
540
284
692
703
510
447
426
173
409
852
95
780
989
164
235
241
278
312
806
841
196
182
29
182
636
849
266
874
137
302
498
46
121
49
42
618
283
780
982
495
45
296
253
622
910
389
6
118
534
961
977
93
807
990
312
883
645
591
289
18
554
524
718
101
144
211
626
38
484
126
257
972
333
520
143
922
198
335
347
977
933
238
48
289
44
373
868
178
705
379
102
62
601
875
894
395
224
133
208
326
883
198
860
745
991
161
871
707
125
612
87
85
517
404
559
324
664
778
188
847
512
185
657
365
99
28
718
71
651
678
987
238
822
818
815
481
272
989
350
660
442
986
714
602
307
692
112
291
152
598
101
755
25
222
77
209
816
620
155
523
702
173
494
359
970
265
495
96
214
575
695
482
242
480
403
174
864
619
326
462
343
61
502
870
287
704
404
91
306
654
789
696
20
746
829
277
571
51
653
688
604
600
146
360
487
391
450
769
258
476
145
387
507
841
189
257
901
995
381
680
697
712
429
835
783
967
161
75
937
529
633
558
149
148
180
89
802
120
396
209
315
813
267
172
973
87
679
705
706
967
258
363
939
126
293
220
623
946
504
936
564
459
415
338
152
472
600
562
29
178
722
253
495
584
252
379
756
323
589
319
506
679
507
955
447
701
482
355
682
320
169
691
319
610
498
525
689
407
643
37
149
783
276
221
1000
338
927
263
889
595
774
495
936
41
887
527
485
829
380
320
908
51
272
167
323
344
583
208
463
196
732
549
375
439
39
17
235
269
284
488
395
218
377
665
734
153
633
278
556
534
163
107
168
305
677
637
787
167
570
827
586
362
685
876
319
498
640
354
873
692
695
940
906
10
28
143
534
300
633
938
253
838
659
416
741
848
991
805
268
573
968
880
187
770
98
651
522
99
30
171
822
611
946
451
396
571
599
969
233
525
280
89
880
980
623
595
474
499
345
300
857
160
739
744
241
199
208
866
167
341
186
408
16
759
302
591
661
375
134
356
176
737
44
151
878
184
163
639
356
625
961
778
599
861
458
151
727
970
790
429
335
47
28
537
862
995
892
95
773
556
883
580
190
539
623
606
927
805
350
651
765
882
9
694
101
501
219
74
99
818
284
818
705
318
788
748
395
464
878
468
194
766
882
978
931
145
642
895
576
919
430
699
456
16
93
789
790
903
4
642
51
389
142
463
579
766
746
658
697
94
660
784
566
323
854
387
781
575
91
729
884
701
617
595
795
960
516
964
213
667
77
772
328
216
639
954
548
425
399
608
560
803
285
987
404
127
254
278
969
713
799
242
539
692
326
423
915
420
361
238
551
729
240
223
594
650
90
106
663
987
188
612
70
549
598
147
317
244
930
641
85
372
242
802
85
915
391
322
136
612
721
147
703
478
141
378
138
19
59
589
185
852
324
540
357
408
793
819
761
116
561
405
578
210
696
155
762
425
410
268
987
899
949
897
545
447
824
401
162
147
567
813
981
400
925
933
362
315
599
670
186
247
830
208
138
936
835
728
831
544
301
916
132
569
423
519
312
700
677
554
555
196
842
939
836
824
488
205
93
620
4
66
949
171
776
940
630
54
936
139
575
711
745
595
801
45
1
162
609
368
173
22
803
669
845
801
278
612
607
991
377
325
371
627
428
919
752
981
375
156
704
994
586
66
821
200
121
141
560
274
975
742
46
845
354
55
624
576
584
323
210
336
656
841
603
757
359
980
272
374
76
733
943
211
104
55
76
859
50
603
398
962
738
635
664
622
184
202
284
76
403
667
722
106
32
802
408
624
322
835
298
122
224
717
242
957
872
792
896
411
192
307
543
311
96
294
3
899
821
690
638
494
817
210
43
891
506
849
736
136
238
673
845
702
670
966
723
186
24
555
128
423
473
68
55
892
499
831
935
423
84
996
287
87
182
321
325
330
977
626
611
675
880
108
787
487
612
613
154
203
622
648
462
748
993
684
356
64
545
29
125
84
813
433
85
420
146
997
736
884
927
206
355
355
74
36
76
95
15
865
607
911
265
277
368
980
450
524
112
640
85
0
940
993
801
408
606
660
798
887
996
124
1
439
995
598
939
458
697
275
53
105
769
0
586
259
60
89
958
871
492
547
880
11
41
105
914
818
456
692
536
775
425
906
545
509
979
162
70
78
366
158
583
264
186
258
714
75
88
842
167
597
823
882
176
401
563
7
172
706
649
797
269
881
397
339
30
620
92
233
300
107
735
993
901
460
429
644
41
564
488
434
577
94
213
417
410
887
172
584
928
46
79
162
894
602
160
128
277
291
820
642
763
441
594
603
467
170
483
143
814
214
461
674
399
696
501
421
936
233
648
567
604
177
475
719
185
286
195
208
871
198
208
751
802
97
989
264
243
599
755
353
53
293
685
185
788
309
990
93
433
495
496
456
1000
864
588
318
417
873
771
877
205
3
691
12
234
269
479
910
789
619
852
132
50
700
657
870
76
990
602
269
204
43
681
70
854
957
389
835
42
625
326
62
775
266
392
678
992
100
835
923
659
796
382
881
338
619
229
626
181
631
981
397
839
2
672
455
647
815
857
958
377
767
384
343
96
319
458
537
633
995
372
545
868
330
560
302
77
721
188
470
789
224
280
650
754
264
167
176
134
919
692
417
348
789
234
660
473
102
360
776
749
875
720
89
387
815
487
100
467
784
749
607
817
454
734
852
971
867
527
965
56
277
141
690
372
385
904
386
489
48
65
159
870
433
554
54
220
2
391
11
686
201
2
861
890
52
141
832
94
271
404
63
876
260
430
23
193
623
364
367
368
255
211
778
330
364
526
489
629
362
402
859
807
991
767
84
695
301
409
331
283
34
472
285
466
478
907
912
313
136
445
27
511
108
595
648
893
589
299
628
131
575
959
297
563
897
231
713
13
874
494
221
376
586
419
665
877
845
371
296
213
180
441
547
229
71
89
887
788
162
227
38
596
415
462
302
611
480
14
445
208
307
491
328
149
257
94
98
433
309
737
148
529
70
689
713
450
901
240
393
440
259
194
811
664
384
197
336
133
392
281
154
70
555
120
242
53
159
989
355
712
471
244
724
895
307
534
676
463
966
363
985
621
978
863
410
217
943
192
668
463
645
198
734
693
161
249
5
696
983
719
972
403
718
941
706
444
14
391
349
779
847
665
56
807
769
109
831
835
972
27
977
675
697
840
921
730
699
668
413
482
287
138
184
543
285
742
995
907
235
363
999
677
880
622
388
762
74
84
850
418
581
594
29
961
629
629
343
613
597
131
492
978
254
994
45
243
513
369
625
126
342
633
469
327
959
929
547
88
593
274
757
939
953
706
274
671
665
950
178
928
237
298
399
915
341
419
584
344
471
365
693
175
284
861
540
278
633
729
714
611
402
348
48
211
75
840
34